-0.005000	-0.001850
-0.004900	0.000019
-0.004800	0.000019
-0.004700	0.000019
-0.004600	0.000019
-0.004500	0.000019
-0.004400	0.000019
-0.004300	0.000019
-0.004200	0.000019
-0.004100	0.000019
-0.004000	0.000019
-0.003900	0.000019
-0.003800	0.000019
-0.003700	0.000019
-0.003600	0.000019
-0.003500	0.000019
-0.003400	0.000019
-0.003300	0.000019
-0.003200	0.000019
-0.003100	0.000019
-0.003000	0.000019
-0.002900	0.000019
-0.002800	0.000019
-0.002700	0.000019
-0.002600	0.000019
-0.002500	0.000019
-0.002400	0.000019
-0.002300	0.000019
-0.002200	0.000019
-0.002100	0.000019
-0.002000	0.000019
-0.001900	0.000019
-0.001800	0.000019
-0.001700	0.000019
-0.001600	0.000019
-0.001500	0.000019
-0.001400	0.000019
-0.001300	0.000019
-0.001200	0.000019
-0.001100	0.000019
-0.001000	0.000019
-0.000900	0.000019
-0.000800	0.000019
-0.000700	0.000019
-0.000600	0.000019
-0.000500	0.000019
-0.000400	0.000019
-0.000300	0.000019
-0.000200	0.000019
-0.000100	0.000019
0.000000	0.000019
0.000100	0.000019
0.000200	0.000019
0.000300	0.000019
0.000400	0.000019
0.000500	0.000019
0.000600	0.000019
0.000700	0.000019
0.000800	0.000019
0.000900	0.000019
0.001000	0.000019
0.001100	0.000019
0.001200	0.000019
0.001300	0.000019
0.001400	0.000019
0.001500	0.000019
0.001600	0.000019
0.001700	0.000019
0.001800	0.000019
0.001900	0.000019
0.002000	0.000019
0.002100	0.000019
0.002200	0.000019
0.002300	0.000019
0.002400	0.000019
0.002500	0.000019
0.002600	0.000019
0.002700	0.000019
0.002800	0.000019
0.002900	0.000019
0.003000	0.000019
0.003100	0.000019
0.003200	0.000019
0.003300	0.000019
0.003400	0.000019
0.003500	0.000019
0.003600	0.000019
0.003700	0.000019
0.003800	0.000019
0.003900	0.000019
0.004000	0.000019
0.004100	0.000019
0.004200	0.000019
0.004300	0.000019
0.004400	0.000019
0.004500	0.000019
0.004600	0.000019
0.004700	0.000019
0.004800	0.000019
0.004900	0.000019
0.005000	-0.001850

-0.005000	0.038386
-0.004900	0.040212
-0.004800	0.041824
-0.004700	0.043225
-0.004600	0.044424
-0.004500	0.045434
-0.004400	0.046270
-0.004300	0.046950
-0.004200	0.047494
-0.004100	0.047921
-0.004000	0.048250
-0.003900	0.048498
-0.003800	0.048683
-0.003700	0.048817
-0.003600	0.048912
-0.003500	0.048979
-0.003400	0.049025
-0.003300	0.049055
-0.003200	0.049076
-0.003100	0.049089
-0.003000	0.049097
-0.002900	0.049102
-0.002800	0.049105
-0.002700	0.049107
-0.002600	0.049108
-0.002500	0.049108
-0.002400	0.049108
-0.002300	0.049109
-0.002200	0.049109
-0.002100	0.049109
-0.002000	0.049109
-0.001900	0.049109
-0.001800	0.049109
-0.001700	0.049109
-0.001600	0.049109
-0.001500	0.049109
-0.001400	0.049109
-0.001300	0.049109
-0.001200	0.049109
-0.001100	0.049109
-0.001000	0.049109
-0.000900	0.049109
-0.000800	0.049109
-0.000700	0.049109
-0.000600	0.049109
-0.000500	0.049109
-0.000400	0.049109
-0.000300	0.049109
-0.000200	0.049109
-0.000100	0.049109
0.000000	0.049109
0.000100	0.049109
0.000200	0.049109
0.000300	0.049109
0.000400	0.049109
0.000500	0.049109
0.000600	0.049109
0.000700	0.049109
0.000800	0.049109
0.000900	0.049109
0.001000	0.049109
0.001100	0.049109
0.001200	0.049109
0.001300	0.049109
0.001400	0.049109
0.001500	0.049109
0.001600	0.049109
0.001700	0.049109
0.001800	0.049109
0.001900	0.049109
0.002000	0.049109
0.002100	0.049109
0.002200	0.049109
0.002300	0.049109
0.002400	0.049108
0.002500	0.049108
0.002600	0.049108
0.002700	0.049107
0.002800	0.049105
0.002900	0.049102
0.003000	0.049097
0.003100	0.049089
0.003200	0.049076
0.003300	0.049055
0.003400	0.049025
0.003500	0.048979
0.003600	0.048912
0.003700	0.048817
0.003800	0.048683
0.003900	0.048498
0.004000	0.048250
0.004100	0.047921
0.004200	0.047494
0.004300	0.046950
0.004400	0.046270
0.004500	0.045434
0.004600	0.044424
0.004700	0.043225
0.004800	0.041824
0.004900	0.040212
0.005000	0.038386

-0.005000	0.170077
-0.004900	0.171885
-0.004800	0.173543
-0.004700	0.175052
-0.004600	0.176416
-0.004500	0.177638
-0.004400	0.178724
-0.004300	0.179681
-0.004200	0.180518
-0.004100	0.181244
-0.004000	0.181866
-0.003900	0.182397
-0.003800	0.182844
-0.003700	0.183218
-0.003600	0.183527
-0.003500	0.183781
-0.003400	0.183987
-0.003300	0.184152
-0.003200	0.184284
-0.003100	0.184388
-0.003000	0.184470
-0.002900	0.184532
-0.002800	0.184581
-0.002700	0.184617
-0.002600	0.184644
-0.002500	0.184665
-0.002400	0.184679
-0.002300	0.184690
-0.002200	0.184698
-0.002100	0.184704
-0.002000	0.184707
-0.001900	0.184710
-0.001800	0.184712
-0.001700	0.184713
-0.001600	0.184714
-0.001500	0.184715
-0.001400	0.184715
-0.001300	0.184715
-0.001200	0.184716
-0.001100	0.184716
-0.001000	0.184716
-0.000900	0.184716
-0.000800	0.184716
-0.000700	0.184716
-0.000600	0.184716
-0.000500	0.184716
-0.000400	0.184716
-0.000300	0.184716
-0.000200	0.184716
-0.000100	0.184716
0.000000	0.184716
0.000100	0.184716
0.000200	0.184716
0.000300	0.184716
0.000400	0.184716
0.000500	0.184716
0.000600	0.184716
0.000700	0.184716
0.000800	0.184716
0.000900	0.184716
0.001000	0.184716
0.001100	0.184716
0.001200	0.184716
0.001300	0.184715
0.001400	0.184715
0.001500	0.184715
0.001600	0.184714
0.001700	0.184713
0.001800	0.184712
0.001900	0.184710
0.002000	0.184707
0.002100	0.184704
0.002200	0.184698
0.002300	0.184690
0.002400	0.184679
0.002500	0.184665
0.002600	0.184644
0.002700	0.184617
0.002800	0.184581
0.002900	0.184532
0.003000	0.184470
0.003100	0.184388
0.003200	0.184284
0.003300	0.184152
0.003400	0.183987
0.003500	0.183781
0.003600	0.183527
0.003700	0.183218
0.003800	0.182844
0.003900	0.182397
0.004000	0.181866
0.004100	0.181244
0.004200	0.180518
0.004300	0.179681
0.004400	0.178724
0.004500	0.177638
0.004600	0.176416
0.004700	0.175052
0.004800	0.173543
0.004900	0.171885
0.005000	0.170077

-0.005000	0.386508
-0.004900	0.388301
-0.004800	0.389974
-0.004700	0.391526
-0.004600	0.392959
-0.004500	0.394276
-0.004400	0.395478
-0.004300	0.396571
-0.004200	0.397558
-0.004100	0.398444
-0.004000	0.399237
-0.003900	0.399940
-0.003800	0.400561
-0.003700	0.401106
-0.003600	0.401581
-0.003500	0.401993
-0.003400	0.402348
-0.003300	0.402652
-0.003200	0.402911
-0.003100	0.403129
-0.003000	0.403313
-0.002900	0.403466
-0.002800	0.403593
-0.002700	0.403697
-0.002600	0.403783
-0.002500	0.403852
-0.002400	0.403908
-0.002300	0.403953
-0.002200	0.403989
-0.002100	0.404017
-0.002000	0.404040
-0.001900	0.404057
-0.001800	0.404070
-0.001700	0.404081
-0.001600	0.404089
-0.001500	0.404095
-0.001400	0.404099
-0.001300	0.404102
-0.001200	0.404105
-0.001100	0.404107
-0.001000	0.404108
-0.000900	0.404109
-0.000800	0.404110
-0.000700	0.404110
-0.000600	0.404111
-0.000500	0.404111
-0.000400	0.404111
-0.000300	0.404111
-0.000200	0.404111
-0.000100	0.404111
0.000000	0.404111
0.000100	0.404111
0.000200	0.404111
0.000300	0.404111
0.000400	0.404111
0.000500	0.404111
0.000600	0.404111
0.000700	0.404110
0.000800	0.404110
0.000900	0.404109
0.001000	0.404108
0.001100	0.404107
0.001200	0.404105
0.001300	0.404102
0.001400	0.404099
0.001500	0.404095
0.001600	0.404089
0.001700	0.404081
0.001800	0.404070
0.001900	0.404057
0.002000	0.404040
0.002100	0.404017
0.002200	0.403989
0.002300	0.403953
0.002400	0.403908
0.002500	0.403852
0.002600	0.403783
0.002700	0.403697
0.002800	0.403593
0.002900	0.403466
0.003000	0.403313
0.003100	0.403129
0.003200	0.402911
0.003300	0.402652
0.003400	0.402348
0.003500	0.401993
0.003600	0.401581
0.003700	0.401106
0.003800	0.400561
0.003900	0.399940
0.004000	0.399237
0.004100	0.398444
0.004200	0.397558
0.004300	0.396571
0.004400	0.395478
0.004500	0.394276
0.004600	0.392959
0.004700	0.391526
0.004800	0.389974
0.004900	0.388301
0.005000	0.386508

-0.005000	0.685824
-0.004900	0.687606
-0.004800	0.689284
-0.004700	0.690859
-0.004600	0.692331
-0.004500	0.693701
-0.004400	0.694972
-0.004300	0.696146
-0.004200	0.697226
-0.004100	0.698215
-0.004000	0.699118
-0.003900	0.699937
-0.003800	0.700678
-0.003700	0.701345
-0.003600	0.701943
-0.003500	0.702477
-0.003400	0.702951
-0.003300	0.703370
-0.003200	0.703738
-0.003100	0.704061
-0.003000	0.704342
-0.002900	0.704586
-0.002800	0.704797
-0.002700	0.704978
-0.002600	0.705133
-0.002500	0.705265
-0.002400	0.705376
-0.002300	0.705470
-0.002200	0.705549
-0.002100	0.705615
-0.002000	0.705669
-0.001900	0.705714
-0.001800	0.705751
-0.001700	0.705781
-0.001600	0.705806
-0.001500	0.705826
-0.001400	0.705842
-0.001300	0.705854
-0.001200	0.705865
-0.001100	0.705873
-0.001000	0.705879
-0.000900	0.705884
-0.000800	0.705888
-0.000700	0.705891
-0.000600	0.705893
-0.000500	0.705895
-0.000400	0.705896
-0.000300	0.705897
-0.000200	0.705898
-0.000100	0.705898
0.000000	0.705898
0.000100	0.705898
0.000200	0.705898
0.000300	0.705897
0.000400	0.705896
0.000500	0.705895
0.000600	0.705893
0.000700	0.705891
0.000800	0.705888
0.000900	0.705884
0.001000	0.705879
0.001100	0.705873
0.001200	0.705865
0.001300	0.705854
0.001400	0.705842
0.001500	0.705826
0.001600	0.705806
0.001700	0.705781
0.001800	0.705751
0.001900	0.705714
0.002000	0.705669
0.002100	0.705615
0.002200	0.705549
0.002300	0.705470
0.002400	0.705376
0.002500	0.705265
0.002600	0.705133
0.002700	0.704978
0.002800	0.704797
0.002900	0.704586
0.003000	0.704342
0.003100	0.704061
0.003200	0.703738
0.003300	0.703370
0.003400	0.702951
0.003500	0.702477
0.003600	0.701943
0.003700	0.701345
0.003800	0.700678
0.003900	0.699937
0.004000	0.699118
0.004100	0.698215
0.004200	0.697226
0.004300	0.696146
0.004400	0.694972
0.004500	0.693701
0.004600	0.692331
0.004700	0.690859
0.004800	0.689284
0.004900	0.687606
0.005000	0.685824

-0.005000	1.066454
-0.004900	1.068225
-0.004800	1.069905
-0.004700	1.071493
-0.004600	1.072989
-0.004500	1.074395
-0.004400	1.075712
-0.004300	1.076941
-0.004200	1.078084
-0.004100	1.079145
-0.004000	1.080125
-0.003900	1.081028
-0.003800	1.081857
-0.003700	1.082616
-0.003600	1.083307
-0.003500	1.083935
-0.003400	1.084503
-0.003300	1.085016
-0.003200	1.085476
-0.003100	1.085888
-0.003000	1.086255
-0.002900	1.086582
-0.002800	1.086871
-0.002700	1.087126
-0.002600	1.087350
-0.002500	1.087545
-0.002400	1.087716
-0.002300	1.087864
-0.002200	1.087992
-0.002100	1.088103
-0.002000	1.088197
-0.001900	1.088278
-0.001800	1.088347
-0.001700	1.088405
-0.001600	1.088454
-0.001500	1.088496
-0.001400	1.088530
-0.001300	1.088559
-0.001200	1.088583
-0.001100	1.088603
-0.001000	1.088619
-0.000900	1.088633
-0.000800	1.088643
-0.000700	1.088652
-0.000600	1.088659
-0.000500	1.088664
-0.000400	1.088668
-0.000300	1.088671
-0.000200	1.088674
-0.000100	1.088675
0.000000	1.088675
0.000100	1.088675
0.000200	1.088674
0.000300	1.088671
0.000400	1.088668
0.000500	1.088664
0.000600	1.088659
0.000700	1.088652
0.000800	1.088643
0.000900	1.088633
0.001000	1.088619
0.001100	1.088603
0.001200	1.088583
0.001300	1.088559
0.001400	1.088530
0.001500	1.088496
0.001600	1.088454
0.001700	1.088405
0.001800	1.088347
0.001900	1.088278
0.002000	1.088197
0.002100	1.088103
0.002200	1.087992
0.002300	1.087864
0.002400	1.087716
0.002500	1.087545
0.002600	1.087350
0.002700	1.087126
0.002800	1.086871
0.002900	1.086582
0.003000	1.086255
0.003100	1.085888
0.003200	1.085476
0.003300	1.085016
0.003400	1.084503
0.003500	1.083935
0.003600	1.083307
0.003700	1.082616
0.003800	1.081857
0.003900	1.081028
0.004000	1.080125
0.004100	1.079145
0.004200	1.078084
0.004300	1.076941
0.004400	1.075712
0.004500	1.074395
0.004600	1.072989
0.004700	1.071493
0.004800	1.069905
0.004900	1.068225
0.005000	1.066454

-0.005000	1.526306
-0.004900	1.528068
-0.004800	1.529747
-0.004700	1.531343
-0.004600	1.532856
-0.004500	1.534287
-0.004400	1.535636
-0.004300	1.536905
-0.004200	1.538095
-0.004100	1.539208
-0.004000	1.540247
-0.003900	1.541213
-0.003800	1.542110
-0.003700	1.542939
-0.003600	1.543703
-0.003500	1.544406
-0.003400	1.545051
-0.003300	1.545640
-0.003200	1.546177
-0.003100	1.546665
-0.003000	1.547107
-0.002900	1.547505
-0.002800	1.547865
-0.002700	1.548187
-0.002600	1.548475
-0.002500	1.548732
-0.002400	1.548960
-0.002300	1.549163
-0.002200	1.549341
-0.002100	1.549498
-0.002000	1.549636
-0.001900	1.549757
-0.001800	1.549862
-0.001700	1.549953
-0.001600	1.550032
-0.001500	1.550100
-0.001400	1.550159
-0.001300	1.550209
-0.001200	1.550252
-0.001100	1.550288
-0.001000	1.550318
-0.000900	1.550344
-0.000800	1.550365
-0.000700	1.550383
-0.000600	1.550398
-0.000500	1.550409
-0.000400	1.550418
-0.000300	1.550425
-0.000200	1.550430
-0.000100	1.550432
0.000000	1.550433
0.000100	1.550432
0.000200	1.550430
0.000300	1.550425
0.000400	1.550418
0.000500	1.550409
0.000600	1.550398
0.000700	1.550383
0.000800	1.550365
0.000900	1.550344
0.001000	1.550318
0.001100	1.550288
0.001200	1.550252
0.001300	1.550209
0.001400	1.550159
0.001500	1.550100
0.001600	1.550032
0.001700	1.549953
0.001800	1.549862
0.001900	1.549757
0.002000	1.549636
0.002100	1.549498
0.002200	1.549341
0.002300	1.549163
0.002400	1.548960
0.002500	1.548732
0.002600	1.548475
0.002700	1.548187
0.002800	1.547865
0.002900	1.547505
0.003000	1.547107
0.003100	1.546665
0.003200	1.546177
0.003300	1.545640
0.003400	1.545051
0.003500	1.544406
0.003600	1.543703
0.003700	1.542939
0.003800	1.542110
0.003900	1.541213
0.004000	1.540247
0.004100	1.539208
0.004200	1.538095
0.004300	1.536905
0.004400	1.535636
0.004500	1.534287
0.004600	1.532856
0.004700	1.531343
0.004800	1.529747
0.004900	1.528068
0.005000	1.526306

-0.005000	2.062473
-0.004900	2.064227
-0.004800	2.065905
-0.004700	2.067505
-0.004600	2.069030
-0.004500	2.070479
-0.004400	2.071852
-0.004300	2.073151
-0.004200	2.074377
-0.004100	2.075531
-0.004000	2.076615
-0.003900	2.077631
-0.003800	2.078581
-0.003700	2.079466
-0.003600	2.080290
-0.003500	2.081054
-0.003400	2.081762
-0.003300	2.082415
-0.003200	2.083016
-0.003100	2.083569
-0.003000	2.084074
-0.002900	2.084537
-0.002800	2.084958
-0.002700	2.085341
-0.002600	2.085687
-0.002500	2.086001
-0.002400	2.086284
-0.002300	2.086538
-0.002200	2.086765
-0.002100	2.086969
-0.002000	2.087150
-0.001900	2.087312
-0.001800	2.087455
-0.001700	2.087581
-0.001600	2.087692
-0.001500	2.087790
-0.001400	2.087875
-0.001300	2.087950
-0.001200	2.088015
-0.001100	2.088071
-0.001000	2.088119
-0.000900	2.088160
-0.000800	2.088195
-0.000700	2.088224
-0.000600	2.088248
-0.000500	2.088268
-0.000400	2.088284
-0.000300	2.088295
-0.000200	2.088304
-0.000100	2.088308
0.000000	2.088310
0.000100	2.088308
0.000200	2.088304
0.000300	2.088295
0.000400	2.088284
0.000500	2.088268
0.000600	2.088248
0.000700	2.088224
0.000800	2.088195
0.000900	2.088160
0.001000	2.088119
0.001100	2.088071
0.001200	2.088015
0.001300	2.087950
0.001400	2.087875
0.001500	2.087790
0.001600	2.087692
0.001700	2.087581
0.001800	2.087455
0.001900	2.087312
0.002000	2.087150
0.002100	2.086969
0.002200	2.086765
0.002300	2.086538
0.002400	2.086284
0.002500	2.086001
0.002600	2.085687
0.002700	2.085341
0.002800	2.084958
0.002900	2.084537
0.003000	2.084074
0.003100	2.083569
0.003200	2.083016
0.003300	2.082415
0.003400	2.081762
0.003500	2.081054
0.003600	2.080290
0.003700	2.079466
0.003800	2.078581
0.003900	2.077631
0.004000	2.076615
0.004100	2.075531
0.004200	2.074377
0.004300	2.073151
0.004400	2.071852
0.004500	2.070479
0.004600	2.069030
0.004700	2.067505
0.004800	2.065905
0.004900	2.064227
0.005000	2.062473

-0.005000	2.671283
-0.004900	2.673029
-0.004800	2.674704
-0.004700	2.676308
-0.004600	2.677841
-0.004500	2.679303
-0.004400	2.680695
-0.004300	2.682018
-0.004200	2.683272
-0.004100	2.684459
-0.004000	2.685579
-0.003900	2.686635
-0.003800	2.687628
-0.003700	2.688560
-0.003600	2.689433
-0.003500	2.690248
-0.003400	2.691008
-0.003300	2.691715
-0.003200	2.692371
-0.003100	2.692979
-0.003000	2.693540
-0.002900	2.694058
-0.002800	2.694534
-0.002700	2.694971
-0.002600	2.695371
-0.002500	2.695736
-0.002400	2.696069
-0.002300	2.696371
-0.002200	2.696645
-0.002100	2.696893
-0.002000	2.697117
-0.001900	2.697318
-0.001800	2.697499
-0.001700	2.697660
-0.001600	2.697805
-0.001500	2.697933
-0.001400	2.698047
-0.001300	2.698147
-0.001200	2.698236
-0.001100	2.698313
-0.001000	2.698381
-0.000900	2.698439
-0.000800	2.698489
-0.000700	2.698532
-0.000600	2.698568
-0.000500	2.698597
-0.000400	2.698620
-0.000300	2.698638
-0.000200	2.698651
-0.000100	2.698658
0.000000	2.698661
0.000100	2.698658
0.000200	2.698651
0.000300	2.698638
0.000400	2.698620
0.000500	2.698597
0.000600	2.698568
0.000700	2.698532
0.000800	2.698489
0.000900	2.698439
0.001000	2.698381
0.001100	2.698313
0.001200	2.698236
0.001300	2.698147
0.001400	2.698047
0.001500	2.697933
0.001600	2.697805
0.001700	2.697660
0.001800	2.697499
0.001900	2.697318
0.002000	2.697117
0.002100	2.696893
0.002200	2.696645
0.002300	2.696371
0.002400	2.696069
0.002500	2.695736
0.002600	2.695371
0.002700	2.694971
0.002800	2.694534
0.002900	2.694058
0.003000	2.693540
0.003100	2.692979
0.003200	2.692371
0.003300	2.691715
0.003400	2.691008
0.003500	2.690248
0.003600	2.689433
0.003700	2.688560
0.003800	2.687628
0.003900	2.686635
0.004000	2.685579
0.004100	2.684459
0.004200	2.683272
0.004300	2.682018
0.004400	2.680695
0.004500	2.679303
0.004600	2.677841
0.004700	2.676308
0.004800	2.674704
0.004900	2.673029
0.005000	2.671283

-0.005000	3.348505
-0.004900	3.350244
-0.004800	3.351916
-0.004700	3.353522
-0.004600	3.355061
-0.004500	3.356534
-0.004400	3.357941
-0.004300	3.359282
-0.004200	3.360559
-0.004100	3.361772
-0.004000	3.362922
-0.003900	3.364011
-0.003800	3.365040
-0.003700	3.366011
-0.003600	3.366924
-0.003500	3.367783
-0.003400	3.368588
-0.003300	3.369341
-0.003200	3.370044
-0.003100	3.370700
-0.003000	3.371310
-0.002900	3.371876
-0.002800	3.372401
-0.002700	3.372886
-0.002600	3.373333
-0.002500	3.373745
-0.002400	3.374124
-0.002300	3.374471
-0.002200	3.374788
-0.002100	3.375078
-0.002000	3.375342
-0.001900	3.375581
-0.001800	3.375798
-0.001700	3.375995
-0.001600	3.376171
-0.001500	3.376330
-0.001400	3.376473
-0.001300	3.376600
-0.001200	3.376712
-0.001100	3.376812
-0.001000	3.376900
-0.000900	3.376977
-0.000800	3.377043
-0.000700	3.377100
-0.000600	3.377148
-0.000500	3.377188
-0.000400	3.377219
-0.000300	3.377244
-0.000200	3.377261
-0.000100	3.377271
0.000000	3.377275
0.000100	3.377271
0.000200	3.377261
0.000300	3.377244
0.000400	3.377219
0.000500	3.377188
0.000600	3.377148
0.000700	3.377100
0.000800	3.377043
0.000900	3.376977
0.001000	3.376900
0.001100	3.376812
0.001200	3.376712
0.001300	3.376600
0.001400	3.376473
0.001500	3.376330
0.001600	3.376171
0.001700	3.375995
0.001800	3.375798
0.001900	3.375581
0.002000	3.375342
0.002100	3.375078
0.002200	3.374788
0.002300	3.374471
0.002400	3.374124
0.002500	3.373745
0.002600	3.373333
0.002700	3.372886
0.002800	3.372401
0.002900	3.371876
0.003000	3.371310
0.003100	3.370700
0.003200	3.370044
0.003300	3.369341
0.003400	3.368588
0.003500	3.367783
0.003600	3.366924
0.003700	3.366011
0.003800	3.365040
0.003900	3.364011
0.004000	3.362922
0.004100	3.361772
0.004200	3.360559
0.004300	3.359282
0.004400	3.357941
0.004500	3.356534
0.004600	3.355061
0.004700	3.353522
0.004800	3.351916
0.004900	3.350244
0.005000	3.348505

-0.005000	4.089590
-0.004900	4.091322
-0.004800	4.092991
-0.004700	4.094598
-0.004600	4.096141
-0.004500	4.097622
-0.004400	4.099041
-0.004300	4.100397
-0.004200	4.101693
-0.004100	4.102928
-0.004000	4.104103
-0.003900	4.105220
-0.003800	4.106279
-0.003700	4.107283
-0.003600	4.108231
-0.003500	4.109126
-0.003400	4.109969
-0.003300	4.110762
-0.003200	4.111507
-0.003100	4.112204
-0.003000	4.112857
-0.002900	4.113466
-0.002800	4.114034
-0.002700	4.114562
-0.002600	4.115053
-0.002500	4.115507
-0.002400	4.115927
-0.002300	4.116315
-0.002200	4.116673
-0.002100	4.117001
-0.002000	4.117303
-0.001900	4.117578
-0.001800	4.117830
-0.001700	4.118059
-0.001600	4.118267
-0.001500	4.118456
-0.001400	4.118626
-0.001300	4.118779
-0.001200	4.118916
-0.001100	4.119038
-0.001000	4.119146
-0.000900	4.119241
-0.000800	4.119324
-0.000700	4.119395
-0.000600	4.119456
-0.000500	4.119506
-0.000400	4.119547
-0.000300	4.119578
-0.000200	4.119600
-0.000100	4.119613
0.000000	4.119617
0.000100	4.119613
0.000200	4.119600
0.000300	4.119578
0.000400	4.119547
0.000500	4.119506
0.000600	4.119456
0.000700	4.119395
0.000800	4.119324
0.000900	4.119241
0.001000	4.119146
0.001100	4.119038
0.001200	4.118916
0.001300	4.118779
0.001400	4.118626
0.001500	4.118456
0.001600	4.118267
0.001700	4.118059
0.001800	4.117830
0.001900	4.117578
0.002000	4.117303
0.002100	4.117001
0.002200	4.116673
0.002300	4.116315
0.002400	4.115927
0.002500	4.115507
0.002600	4.115053
0.002700	4.114562
0.002800	4.114034
0.002900	4.113466
0.003000	4.112857
0.003100	4.112204
0.003200	4.111507
0.003300	4.110762
0.003400	4.109969
0.003500	4.109126
0.003600	4.108231
0.003700	4.107283
0.003800	4.106279
0.003900	4.105220
0.004000	4.104103
0.004100	4.102928
0.004200	4.101693
0.004300	4.100397
0.004400	4.099041
0.004500	4.097622
0.004600	4.096141
0.004700	4.094598
0.004800	4.092991
0.004900	4.091322
0.005000	4.089590

-0.005000	4.889869
-0.004900	4.891595
-0.004800	4.893261
-0.004700	4.894868
-0.004600	4.896414
-0.004500	4.897902
-0.004400	4.899330
-0.004300	4.900699
-0.004200	4.902010
-0.004100	4.903264
-0.004000	4.904460
-0.003900	4.905601
-0.003800	4.906686
-0.003700	4.907717
-0.003600	4.908695
-0.003500	4.909622
-0.003400	4.910499
-0.003300	4.911327
-0.003200	4.912107
-0.003100	4.912842
-0.003000	4.913532
-0.002900	4.914179
-0.002800	4.914786
-0.002700	4.915352
-0.002600	4.915881
-0.002500	4.916374
-0.002400	4.916833
-0.002300	4.917258
-0.002200	4.917652
-0.002100	4.918016
-0.002000	4.918352
-0.001900	4.918662
-0.001800	4.918946
-0.001700	4.919206
-0.001600	4.919444
-0.001500	4.919661
-0.001400	4.919858
-0.001300	4.920036
-0.001200	4.920196
-0.001100	4.920339
-0.001000	4.920467
-0.000900	4.920580
-0.000800	4.920679
-0.000700	4.920765
-0.000600	4.920838
-0.000500	4.920899
-0.000400	4.920948
-0.000300	4.920986
-0.000200	4.921012
-0.000100	4.921028
0.000000	4.921034
0.000100	4.921028
0.000200	4.921012
0.000300	4.920986
0.000400	4.920948
0.000500	4.920899
0.000600	4.920838
0.000700	4.920765
0.000800	4.920679
0.000900	4.920580
0.001000	4.920467
0.001100	4.920339
0.001200	4.920196
0.001300	4.920036
0.001400	4.919858
0.001500	4.919661
0.001600	4.919444
0.001700	4.919206
0.001800	4.918946
0.001900	4.918662
0.002000	4.918352
0.002100	4.918016
0.002200	4.917652
0.002300	4.917258
0.002400	4.916833
0.002500	4.916374
0.002600	4.915881
0.002700	4.915352
0.002800	4.914786
0.002900	4.914179
0.003000	4.913532
0.003100	4.912842
0.003200	4.912107
0.003300	4.911327
0.003400	4.910499
0.003500	4.909622
0.003600	4.908695
0.003700	4.907717
0.003800	4.906686
0.003900	4.905601
0.004000	4.904460
0.004100	4.903264
0.004200	4.902010
0.004300	4.900699
0.004400	4.899330
0.004500	4.897902
0.004600	4.896414
0.004700	4.894868
0.004800	4.893261
0.004900	4.891595
0.005000	4.889869

-0.005000	5.744712
-0.004900	5.746431
-0.004800	5.748094
-0.004700	5.749700
-0.004600	5.751249
-0.004500	5.752742
-0.004400	5.754178
-0.004300	5.755558
-0.004200	5.756882
-0.004100	5.758151
-0.004000	5.759365
-0.003900	5.760526
-0.003800	5.761633
-0.003700	5.762689
-0.003600	5.763693
-0.003500	5.764648
-0.003400	5.765554
-0.003300	5.766412
-0.003200	5.767224
-0.003100	5.767991
-0.003000	5.768715
-0.002900	5.769396
-0.002800	5.770037
-0.002700	5.770638
-0.002600	5.771202
-0.002500	5.771730
-0.002400	5.772223
-0.002300	5.772682
-0.002200	5.773110
-0.002100	5.773507
-0.002000	5.773875
-0.001900	5.774216
-0.001800	5.774530
-0.001700	5.774819
-0.001600	5.775085
-0.001500	5.775328
-0.001400	5.775550
-0.001300	5.775752
-0.001200	5.775934
-0.001100	5.776098
-0.001000	5.776245
-0.000900	5.776375
-0.000800	5.776490
-0.000700	5.776589
-0.000600	5.776674
-0.000500	5.776745
-0.000400	5.776803
-0.000300	5.776847
-0.000200	5.776878
-0.000100	5.776897
0.000000	5.776903
0.000100	5.776897
0.000200	5.776878
0.000300	5.776847
0.000400	5.776803
0.000500	5.776745
0.000600	5.776674
0.000700	5.776589
0.000800	5.776490
0.000900	5.776375
0.001000	5.776245
0.001100	5.776098
0.001200	5.775934
0.001300	5.775752
0.001400	5.775550
0.001500	5.775328
0.001600	5.775085
0.001700	5.774819
0.001800	5.774530
0.001900	5.774216
0.002000	5.773875
0.002100	5.773507
0.002200	5.773110
0.002300	5.772682
0.002400	5.772223
0.002500	5.771730
0.002600	5.771202
0.002700	5.770638
0.002800	5.770037
0.002900	5.769396
0.003000	5.768715
0.003100	5.767991
0.003200	5.767224
0.003300	5.766412
0.003400	5.765554
0.003500	5.764648
0.003600	5.763693
0.003700	5.762689
0.003800	5.761633
0.003900	5.760526
0.004000	5.759365
0.004100	5.758151
0.004200	5.756882
0.004300	5.755558
0.004400	5.754178
0.004500	5.752742
0.004600	5.751249
0.004700	5.749700
0.004800	5.748094
0.004900	5.746431
0.005000	5.744712

-0.005000	6.649626
-0.004900	6.651339
-0.004800	6.652999
-0.004700	6.654604
-0.004600	6.656155
-0.004500	6.657652
-0.004400	6.659094
-0.004300	6.660483
-0.004200	6.661818
-0.004100	6.663101
-0.004000	6.664331
-0.003900	6.665509
-0.003800	6.666636
-0.003700	6.667712
-0.003600	6.668740
-0.003500	6.669718
-0.003400	6.670650
-0.003300	6.671535
-0.003200	6.672375
-0.003100	6.673171
-0.003000	6.673924
-0.002900	6.674636
-0.002800	6.675308
-0.002700	6.675941
-0.002600	6.676536
-0.002500	6.677095
-0.002400	6.677619
-0.002300	6.678109
-0.002200	6.678567
-0.002100	6.678995
-0.002000	6.679392
-0.001900	6.679762
-0.001800	6.680104
-0.001700	6.680420
-0.001600	6.680712
-0.001500	6.680979
-0.001400	6.681225
-0.001300	6.681449
-0.001200	6.681652
-0.001100	6.681835
-0.001000	6.682000
-0.000900	6.682146
-0.000800	6.682276
-0.000700	6.682388
-0.000600	6.682484
-0.000500	6.682565
-0.000400	6.682630
-0.000300	6.682681
-0.000200	6.682717
-0.000100	6.682738
0.000000	6.682745
0.000100	6.682738
0.000200	6.682717
0.000300	6.682681
0.000400	6.682630
0.000500	6.682565
0.000600	6.682484
0.000700	6.682388
0.000800	6.682276
0.000900	6.682146
0.001000	6.682000
0.001100	6.681835
0.001200	6.681652
0.001300	6.681449
0.001400	6.681225
0.001500	6.680979
0.001600	6.680712
0.001700	6.680420
0.001800	6.680104
0.001900	6.679762
0.002000	6.679392
0.002100	6.678995
0.002200	6.678567
0.002300	6.678109
0.002400	6.677619
0.002500	6.677095
0.002600	6.676536
0.002700	6.675941
0.002800	6.675308
0.002900	6.674636
0.003000	6.673924
0.003100	6.673171
0.003200	6.672375
0.003300	6.671535
0.003400	6.670650
0.003500	6.669718
0.003600	6.668740
0.003700	6.667712
0.003800	6.666636
0.003900	6.665509
0.004000	6.664331
0.004100	6.663101
0.004200	6.661818
0.004300	6.660483
0.004400	6.659094
0.004500	6.657652
0.004600	6.656155
0.004700	6.654604
0.004800	6.652999
0.004900	6.651339
0.005000	6.649626

-0.005000	7.600329
-0.004900	7.602037
-0.004800	7.603693
-0.004700	7.605297
-0.004600	7.606849
-0.004500	7.608349
-0.004400	7.609797
-0.004300	7.611194
-0.004200	7.612538
-0.004100	7.613832
-0.004000	7.615075
-0.003900	7.616269
-0.003800	7.617412
-0.003700	7.618508
-0.003600	7.619555
-0.003500	7.620555
-0.003400	7.621510
-0.003300	7.622419
-0.003200	7.623284
-0.003100	7.624105
-0.003000	7.624885
-0.002900	7.625624
-0.002800	7.626323
-0.002700	7.626984
-0.002600	7.627607
-0.002500	7.628195
-0.002400	7.628747
-0.002300	7.629266
-0.002200	7.629752
-0.002100	7.630207
-0.002000	7.630631
-0.001900	7.631027
-0.001800	7.631395
-0.001700	7.631736
-0.001600	7.632051
-0.001500	7.632342
-0.001400	7.632609
-0.001300	7.632853
-0.001200	7.633076
-0.001100	7.633277
-0.001000	7.633459
-0.000900	7.633620
-0.000800	7.633763
-0.000700	7.633888
-0.000600	7.633995
-0.000500	7.634085
-0.000400	7.634158
-0.000300	7.634214
-0.000200	7.634254
-0.000100	7.634278
0.000000	7.634286
0.000100	7.634278
0.000200	7.634254
0.000300	7.634214
0.000400	7.634158
0.000500	7.634085
0.000600	7.633995
0.000700	7.633888
0.000800	7.633763
0.000900	7.633620
0.001000	7.633459
0.001100	7.633277
0.001200	7.633076
0.001300	7.632853
0.001400	7.632609
0.001500	7.632342
0.001600	7.632051
0.001700	7.631736
0.001800	7.631395
0.001900	7.631027
0.002000	7.630631
0.002100	7.630207
0.002200	7.629752
0.002300	7.629266
0.002400	7.628747
0.002500	7.628195
0.002600	7.627607
0.002700	7.626984
0.002800	7.626323
0.002900	7.625624
0.003000	7.624885
0.003100	7.624105
0.003200	7.623284
0.003300	7.622419
0.003400	7.621510
0.003500	7.620555
0.003600	7.619555
0.003700	7.618508
0.003800	7.617412
0.003900	7.616269
0.004000	7.615075
0.004100	7.613832
0.004200	7.612538
0.004300	7.611194
0.004400	7.609797
0.004500	7.608349
0.004600	7.606849
0.004700	7.605297
0.004800	7.603693
0.004900	7.602037
0.005000	7.600329

-0.005000	8.592786
-0.004900	8.594489
-0.004800	8.596142
-0.004700	8.597744
-0.004600	8.599297
-0.004500	8.600799
-0.004400	8.602252
-0.004300	8.603654
-0.004200	8.605007
-0.004100	8.606311
-0.004000	8.607566
-0.003900	8.608772
-0.003800	8.609931
-0.003700	8.611042
-0.003600	8.612107
-0.003500	8.613127
-0.003400	8.614101
-0.003300	8.615031
-0.003200	8.615918
-0.003100	8.616763
-0.003000	8.617567
-0.002900	8.618330
-0.002800	8.619054
-0.002700	8.619740
-0.002600	8.620389
-0.002500	8.621002
-0.002400	8.621580
-0.002300	8.622124
-0.002200	8.622636
-0.002100	8.623115
-0.002000	8.623565
-0.001900	8.623984
-0.001800	8.624376
-0.001700	8.624739
-0.001600	8.625077
-0.001500	8.625388
-0.001400	8.625676
-0.001300	8.625939
-0.001200	8.626179
-0.001100	8.626397
-0.001000	8.626594
-0.000900	8.626770
-0.000800	8.626926
-0.000700	8.627062
-0.000600	8.627179
-0.000500	8.627277
-0.000400	8.627357
-0.000300	8.627419
-0.000200	8.627463
-0.000100	8.627489
0.000000	8.627498
0.000100	8.627489
0.000200	8.627463
0.000300	8.627419
0.000400	8.627357
0.000500	8.627277
0.000600	8.627179
0.000700	8.627062
0.000800	8.626926
0.000900	8.626770
0.001000	8.626594
0.001100	8.626397
0.001200	8.626179
0.001300	8.625939
0.001400	8.625676
0.001500	8.625388
0.001600	8.625077
0.001700	8.624739
0.001800	8.624376
0.001900	8.623984
0.002000	8.623565
0.002100	8.623115
0.002200	8.622636
0.002300	8.622124
0.002400	8.621580
0.002500	8.621002
0.002600	8.620389
0.002700	8.619740
0.002800	8.619054
0.002900	8.618330
0.003000	8.617567
0.003100	8.616763
0.003200	8.615918
0.003300	8.615031
0.003400	8.614101
0.003500	8.613127
0.003600	8.612107
0.003700	8.611042
0.003800	8.609931
0.003900	8.608772
0.004000	8.607566
0.004100	8.606311
0.004200	8.605007
0.004300	8.603654
0.004400	8.602252
0.004500	8.600799
0.004600	8.599297
0.004700	8.597744
0.004800	8.596142
0.004900	8.594489
0.005000	8.592786

-0.005000	9.623227
-0.004900	9.624925
-0.004800	9.626574
-0.004700	9.628175
-0.004600	9.629728
-0.004500	9.631232
-0.004400	9.632688
-0.004300	9.634096
-0.004200	9.635456
-0.004100	9.636768
-0.004000	9.638033
-0.003900	9.639251
-0.003800	9.640423
-0.003700	9.641549
-0.003600	9.642630
-0.003500	9.643666
-0.003400	9.644658
-0.003300	9.645607
-0.003200	9.646514
-0.003100	9.647380
-0.003000	9.648205
-0.002900	9.648990
-0.002800	9.649736
-0.002700	9.650445
-0.002600	9.651117
-0.002500	9.651753
-0.002400	9.652354
-0.002300	9.652921
-0.002200	9.653456
-0.002100	9.653958
-0.002000	9.654430
-0.001900	9.654871
-0.001800	9.655284
-0.001700	9.655669
-0.001600	9.656026
-0.001500	9.656357
-0.001400	9.656662
-0.001300	9.656943
-0.001200	9.657200
-0.001100	9.657434
-0.001000	9.657645
-0.000900	9.657833
-0.000800	9.658001
-0.000700	9.658148
-0.000600	9.658274
-0.000500	9.658380
-0.000400	9.658466
-0.000300	9.658533
-0.000200	9.658580
-0.000100	9.658609
0.000000	9.658618
0.000100	9.658609
0.000200	9.658580
0.000300	9.658533
0.000400	9.658466
0.000500	9.658380
0.000600	9.658274
0.000700	9.658148
0.000800	9.658001
0.000900	9.657833
0.001000	9.657645
0.001100	9.657434
0.001200	9.657200
0.001300	9.656943
0.001400	9.656662
0.001500	9.656357
0.001600	9.656026
0.001700	9.655669
0.001800	9.655284
0.001900	9.654871
0.002000	9.654430
0.002100	9.653958
0.002200	9.653456
0.002300	9.652921
0.002400	9.652354
0.002500	9.651753
0.002600	9.651117
0.002700	9.650445
0.002800	9.649736
0.002900	9.648990
0.003000	9.648205
0.003100	9.647380
0.003200	9.646514
0.003300	9.645607
0.003400	9.644658
0.003500	9.643666
0.003600	9.642630
0.003700	9.641549
0.003800	9.640423
0.003900	9.639251
0.004000	9.638033
0.004100	9.636768
0.004200	9.635456
0.004300	9.634096
0.004400	9.632688
0.004500	9.631232
0.004600	9.629728
0.004700	9.628175
0.004800	9.626574
0.004900	9.624925
0.005000	9.623227

-0.005000	10.688154
-0.004900	10.689846
-0.004800	10.691492
-0.004700	10.693092
-0.004600	10.694644
-0.004500	10.696150
-0.004400	10.697609
-0.004300	10.699021
-0.004200	10.700387
-0.004100	10.701707
-0.004000	10.702981
-0.003900	10.704209
-0.003800	10.705392
-0.003700	10.706531
-0.003600	10.707625
-0.003500	10.708676
-0.003400	10.709685
-0.003300	10.710651
-0.003200	10.711575
-0.003100	10.712459
-0.003000	10.713303
-0.002900	10.714108
-0.002800	10.714874
-0.002700	10.715603
-0.002600	10.716296
-0.002500	10.716953
-0.002400	10.717575
-0.002300	10.718163
-0.002200	10.718719
-0.002100	10.719242
-0.002000	10.719734
-0.001900	10.720195
-0.001800	10.720628
-0.001700	10.721031
-0.001600	10.721407
-0.001500	10.721755
-0.001400	10.722078
-0.001300	10.722374
-0.001200	10.722646
-0.001100	10.722894
-0.001000	10.723118
-0.000900	10.723319
-0.000800	10.723497
-0.000700	10.723653
-0.000600	10.723788
-0.000500	10.723901
-0.000400	10.723993
-0.000300	10.724065
-0.000200	10.724115
-0.000100	10.724146
0.000000	10.724156
0.000100	10.724146
0.000200	10.724115
0.000300	10.724065
0.000400	10.723993
0.000500	10.723901
0.000600	10.723788
0.000700	10.723653
0.000800	10.723497
0.000900	10.723319
0.001000	10.723118
0.001100	10.722894
0.001200	10.722646
0.001300	10.722374
0.001400	10.722078
0.001500	10.721755
0.001600	10.721407
0.001700	10.721031
0.001800	10.720628
0.001900	10.720195
0.002000	10.719734
0.002100	10.719242
0.002200	10.718719
0.002300	10.718163
0.002400	10.717575
0.002500	10.716953
0.002600	10.716296
0.002700	10.715603
0.002800	10.714874
0.002900	10.714108
0.003000	10.713303
0.003100	10.712459
0.003200	10.711575
0.003300	10.710651
0.003400	10.709685
0.003500	10.708676
0.003600	10.707625
0.003700	10.706531
0.003800	10.705392
0.003900	10.704209
0.004000	10.702981
0.004100	10.701707
0.004200	10.700387
0.004300	10.699021
0.004400	10.697609
0.004500	10.696150
0.004600	10.694644
0.004700	10.693092
0.004800	10.691492
0.004900	10.689846
0.005000	10.688154

-0.005000	11.784334
-0.004900	11.786022
-0.004800	11.787665
-0.004700	11.789262
-0.004600	11.790814
-0.004500	11.792321
-0.004400	11.793782
-0.004300	11.795198
-0.004200	11.796569
-0.004100	11.797895
-0.004000	11.799177
-0.003900	11.800414
-0.003800	11.801607
-0.003700	11.802757
-0.003600	11.803864
-0.003500	11.804928
-0.003400	11.805951
-0.003300	11.806932
-0.003200	11.807872
-0.003100	11.808773
-0.003000	11.809634
-0.002900	11.810456
-0.002800	11.811241
-0.002700	11.811988
-0.002600	11.812699
-0.002500	11.813375
-0.002400	11.814016
-0.002300	11.814624
-0.002200	11.815198
-0.002100	11.815740
-0.002000	11.816250
-0.001900	11.816730
-0.001800	11.817180
-0.001700	11.817600
-0.001600	11.817993
-0.001500	11.818357
-0.001400	11.818695
-0.001300	11.819006
-0.001200	11.819292
-0.001100	11.819552
-0.001000	11.819788
-0.000900	11.820000
-0.000800	11.820188
-0.000700	11.820353
-0.000600	11.820496
-0.000500	11.820615
-0.000400	11.820713
-0.000300	11.820789
-0.000200	11.820843
-0.000100	11.820875
0.000000	11.820886
0.000100	11.820875
0.000200	11.820843
0.000300	11.820789
0.000400	11.820713
0.000500	11.820615
0.000600	11.820496
0.000700	11.820353
0.000800	11.820188
0.000900	11.820000
0.001000	11.819788
0.001100	11.819552
0.001200	11.819292
0.001300	11.819006
0.001400	11.818695
0.001500	11.818357
0.001600	11.817993
0.001700	11.817600
0.001800	11.817180
0.001900	11.816730
0.002000	11.816250
0.002100	11.815740
0.002200	11.815198
0.002300	11.814624
0.002400	11.814016
0.002500	11.813375
0.002600	11.812699
0.002700	11.811988
0.002800	11.811241
0.002900	11.810456
0.003000	11.809634
0.003100	11.808773
0.003200	11.807872
0.003300	11.806932
0.003400	11.805951
0.003500	11.804928
0.003600	11.803864
0.003700	11.802757
0.003800	11.801607
0.003900	11.800414
0.004000	11.799177
0.004100	11.797895
0.004200	11.796569
0.004300	11.795198
0.004400	11.793782
0.004500	11.792321
0.004600	11.790814
0.004700	11.789262
0.004800	11.787665
0.004900	11.786022
0.005000	11.784334

-0.005000	12.908794
-0.004900	12.910477
-0.004800	12.912117
-0.004700	12.913712
-0.004600	12.915263
-0.004500	12.916771
-0.004400	12.918234
-0.004300	12.919653
-0.004200	12.921028
-0.004100	12.922360
-0.004000	12.923648
-0.003900	12.924893
-0.003800	12.926095
-0.003700	12.927255
-0.003600	12.928373
-0.003500	12.929449
-0.003400	12.930484
-0.003300	12.931478
-0.003200	12.932433
-0.003100	12.933348
-0.003000	12.934225
-0.002900	12.935063
-0.002800	12.935864
-0.002700	12.936628
-0.002600	12.937356
-0.002500	12.938049
-0.002400	12.938707
-0.002300	12.939331
-0.002200	12.939922
-0.002100	12.940481
-0.002000	12.941008
-0.001900	12.941505
-0.001800	12.941970
-0.001700	12.942407
-0.001600	12.942814
-0.001500	12.943194
-0.001400	12.943545
-0.001300	12.943870
-0.001200	12.944168
-0.001100	12.944440
-0.001000	12.944687
-0.000900	12.944909
-0.000800	12.945106
-0.000700	12.945279
-0.000600	12.945428
-0.000500	12.945554
-0.000400	12.945657
-0.000300	12.945736
-0.000200	12.945793
-0.000100	12.945827
0.000000	12.945838
0.000100	12.945827
0.000200	12.945793
0.000300	12.945736
0.000400	12.945657
0.000500	12.945554
0.000600	12.945428
0.000700	12.945279
0.000800	12.945106
0.000900	12.944909
0.001000	12.944687
0.001100	12.944440
0.001200	12.944168
0.001300	12.943870
0.001400	12.943545
0.001500	12.943194
0.001600	12.942814
0.001700	12.942407
0.001800	12.941970
0.001900	12.941505
0.002000	12.941008
0.002100	12.940481
0.002200	12.939922
0.002300	12.939331
0.002400	12.938707
0.002500	12.938049
0.002600	12.937356
0.002700	12.936628
0.002800	12.935864
0.002900	12.935063
0.003000	12.934225
0.003100	12.933348
0.003200	12.932433
0.003300	12.931478
0.003400	12.930484
0.003500	12.929449
0.003600	12.928373
0.003700	12.927255
0.003800	12.926095
0.003900	12.924893
0.004000	12.923648
0.004100	12.922360
0.004200	12.921028
0.004300	12.919653
0.004400	12.918234
0.004500	12.916771
0.004600	12.915263
0.004700	12.913712
0.004800	12.912117
0.004900	12.910477
0.005000	12.908794

